[ (20, 20) ] dimension of array
{
{
{
0,
0,
0,
0,
0,
0,
0,
0,
0,
0,
0,
0,
0,
0,
0,
0,
0,
0,
0,
0,
}
{
0,
0,
0,
0,
0,
0,
0,
0,
0,
0,
0,
0,
0,
0,
0,
0,
0,
0,
0,
0,
}
{
0,
0,
0,
0,
0,
0,
0,
0,
3,
4,
4,
3,
0,
0,
0,
0,
0,
0,
0,
0,
}
{
0,
0,
0,
0,
0,
0,
1,
1,
0,
0,
0,
0,
1,
0,
0,
0,
0,
0,
0,
0,
}
{
0,
0,
0,
0,
0,
0,
0,
0,
65,
119,
116,
56,
0,
0,
0,
0,
0,
0,
0,
0,
}
{
0,
0,
0,
0,
1,
2,
11,
175,
255,
255,
255,
255,
153,
2,
2,
0,
0,
0,
0,
0,
}
{
0,
0,
0,
0,
3,
0,
134,
255,
171,
41,
40,
179,
255,
107,
0,
4,
0,
0,
0,
0,
}
{
0,
0,
0,
1,
0,
10,
236,
235,
10,
0,
0,
25,
172,
112,
0,
2,
0,
0,
0,
0,
}
{
0,
0,
0,
2,
0,
37,
255,
184,
0,
5,
2,
0,
0,
0,
0,
0,
0,
0,
0,
0,
}
{
0,
0,
0,
2,
0,
43,
254,
172,
2,
3,
0,
0,
0,
0,
0,
0,
0,
0,
0,
0,
}
{
0,
0,
0,
2,
0,
22,
252,
209,
0,
4,
2,
9,
114,
82,
0,
1,
0,
0,
0,
0,
}
{
0,
0,
0,
0,
2,
0,
189,
255,
77,
0,
0,
106,
255,
147,
0,
4,
0,
0,
0,
0,
}
{
0,
0,
0,
0,
2,
1,
51,
244,
255,
188,
193,
255,
225,
26,
1,
2,
0,
0,
0,
0,
}
{
0,
0,
0,
0,
0,
1,
0,
48,
167,
227,
222,
154,
34,
0,
1,
0,
0,
0,
0,
0,
}
{
0,
0,
0,
0,
0,
0,
2,
0,
0,
0,
0,
0,
0,
1,
0,
0,
0,
0,
0,
0,
}
{
0,
0,
0,
0,
0,
0,
0,
2,
3,
0,
0,
3,
2,
0,
0,
0,
0,
0,
0,
0,
}
{
0,
0,
0,
0,
0,
0,
0,
0,
0,
1,
0,
0,
0,
0,
0,
0,
0,
0,
0,
0,
}
{
0,
0,
0,
0,
0,
0,
0,
0,
0,
0,
0,
0,
0,
0,
0,
0,
0,
0,
0,
0,
}
{
0,
0,
0,
0,
0,
0,
0,
0,
0,
0,
0,
0,
0,
0,
0,
0,
0,
0,
0,
0,
}
{
0,
0,
0,
0,
0,
0,
0,
0,
0,
0,
0,
0,
0,
0,
0,
0,
0,
0,
0,
0,
}
}
[ Done ] All pixels Loaded
