(21, 17)
[ (21, 17) ] dimension of array
imagedata
[[  0   0 255]
 [  0   1 255]
 [  0   2 255]
 [  0   3 255]
 [  0   4 255]
 [  0   5 253]
 [  0   6 252]
 [  0   7 255]
 [  0   8 255]
 [  0   9 255]
 [  0  10 251]
 [  0  11 254]
 [  0  12 255]
 [  0  13 255]
 [  0  14 255]
 [  0  15 255]
 [  0  16 255]
 [  1   0 255]
 [  1   1 255]
 [  1   2 255]
 [  1   3 255]
 [  1   4 253]
 [  1   5 255]
 [  1   6 255]
 [  1   7 250]
 [  1   8 241]
 [  1   9 254]
 [  1  10 255]
 [  1  11 255]
 [  1  12 253]
 [  1  13 255]
 [  1  14 255]
 [  1  15 255]
 [  1  16 255]
 [  2   0 255]
 [  2   1 255]
 [  2   2 255]
 [  2   3 253]
 [  2   4 255]
 [  2   5 221]
 [  2   6 102]
 [  2   7  38]
 [  2   8  26]
 [  2   9  45]
 [  2  10 119]
 [  2  11 235]
 [  2  12 255]
 [  2  13 254]
 [  2  14 255]
 [  2  15 255]
 [  2  16 255]
 [  3   0 255]
 [  3   1 255]
 [  3   2 253]
 [  3   3 255]
 [  3   4 200]
 [  3   5  21]
 [  3   6   0]
 [  3   7   0]
 [  3   8   0]
 [  3   9   0]
 [  3  10   0]
 [  3  11  39]
 [  3  12 224]
 [  3  13 254]
 [  3  14 253]
 [  3  15 255]
 [  3  16 255]
 [  4   0 255]
 [  4   1 254]
 [  4   2 254]
 [  4   3 239]
 [  4   4  32]
 [  4   5   0]
 [  4   6   0]
 [  4   7  11]
 [  4   8  44]
 [  4   9  12]
 [  4  10   0]
 [  4  11   0]
 [  4  12  62]
 [  4  13 252]
 [  4  14 253]
 [  4  15 255]
 [  4  16 255]
 [  5   0 255]
 [  5   1 251]
 [  5   2 255]
 [  5   3 136]
 [  5   4   0]
 [  5   5   0]
 [  5   6  63]
 [  5   7 218]
 [  5   8 250]
 [  5   9 218]
 [  5  10  58]
 [  5  11   3]
 [  5  12   0]
 [  5  13 187]
 [  5  14 255]
 [  5  15 252]
 [  5  16 255]
 [  6   0 255]
 [  6   1 254]
 [  6   2 253]
 [  6   3  48]
 [  6   4   1]
 [  6   5  19]
 [  6   6 231]
 [  6   7 255]
 [  6   8 251]
 [  6   9 255]
 [  6  10 214]
 [  6  11   0]
 [  6  12   0]
 [  6  13 109]
 [  6  14 255]
 [  6  15 251]
 [  6  16 255]
 [  7   0 253]
 [  7   1 255]
 [  7   2 221]
 [  7   3   9]
 [  7   4   0]
 [  7   5  98]
 [  7   6 255]
 [  7   7 250]
 [  7   8 254]
 [  7   9 253]
 [  7  10 254]
 [  7  11  96]
 [  7  12  59]
 [  7  13 131]
 [  7  14 255]
 [  7  15 253]
 [  7  16 255]
 [  8   0 252]
 [  8   1 255]
 [  8   2 186]
 [  8   3   0]
 [  8   4   0]
 [  8   5 157]
 [  8   6 254]
 [  8   7 251]
 [  8   8 255]
 [  8   9 255]
 [  8  10 254]
 [  8  11 255]
 [  8  12 255]
 [  8  13 255]
 [  8  14 254]
 [  8  15 255]
 [  8  16 255]
 [  9   0 251]
 [  9   1 255]
 [  9   2 165]
 [  9   3   0]
 [  9   4   0]
 [  9   5 186]
 [  9   6 255]
 [  9   7 252]
 [  9   8 255]
 [  9   9 255]
 [  9  10 255]
 [  9  11 253]
 [  9  12 254]
 [  9  13 254]
 [  9  14 255]
 [  9  15 255]
 [  9  16 255]
 [ 10   0 251]
 [ 10   1 255]
 [ 10   2 157]
 [ 10   3   0]
 [ 10   4   0]
 [ 10   5 195]
 [ 10   6 255]
 [ 10   7 252]
 [ 10   8 255]
 [ 10   9 255]
 [ 10  10 255]
 [ 10  11 254]
 [ 10  12 253]
 [ 10  13 254]
 [ 10  14 255]
 [ 10  15 255]
 [ 10  16 255]
 [ 11   0 251]
 [ 11   1 255]
 [ 11   2 164]
 [ 11   3   0]
 [ 11   4   0]
 [ 11   5 189]
 [ 11   6 255]
 [ 11   7 252]
 [ 11   8 255]
 [ 11   9 255]
 [ 11  10 255]
 [ 11  11 255]
 [ 11  12 255]
 [ 11  13 255]
 [ 11  14 255]
 [ 11  15 255]
 [ 11  16 255]
 [ 12   0 252]
 [ 12   1 255]
 [ 12   2 184]
 [ 12   3   0]
 [ 12   4   0]
 [ 12   5 163]
 [ 12   6 254]
 [ 12   7 251]
 [ 12   8 255]
 [ 12   9 255]
 [ 12  10 254]
 [ 12  11 235]
 [ 12  12 227]
 [ 12  13 235]
 [ 12  14 255]
 [ 12  15 255]
 [ 12  16 255]
 [ 13   0 253]
 [ 13   1 255]
 [ 13   2 219]
 [ 13   3   8]
 [ 13   4   0]
 [ 13   5 111]
 [ 13   6 255]
 [ 13   7 250]
 [ 13   8 254]
 [ 13   9 253]
 [ 13  10 254]
 [ 13  11  54]
 [ 13  12   9]
 [ 13  13  88]
 [ 13  14 255]
 [ 13  15 252]
 [ 13  16 255]
 [ 14   0 255]
 [ 14   1 254]
 [ 14   2 252]
 [ 14   3  45]
 [ 14   4   1]
 [ 14   5  29]
 [ 14   6 243]
 [ 14   7 255]
 [ 14   8 251]
 [ 14   9 255]
 [ 14  10 213]
 [ 14  11   5]
 [ 14  12   0]
 [ 14  13 116]
 [ 14  14 255]
 [ 14  15 251]
 [ 14  16 255]
 [ 15   0 255]
 [ 15   1 251]
 [ 15   2 255]
 [ 15   3 131]
 [ 15   4   0]
 [ 15   5   0]
 [ 15   6  84]
 [ 15   7 233]
 [ 15   8 254]
 [ 15   9 224]
 [ 15  10  61]
 [ 15  11   2]
 [ 15  12   0]
 [ 15  13 191]
 [ 15  14 255]
 [ 15  15 252]
 [ 15  16 255]
 [ 16   0 255]
 [ 16   1 254]
 [ 16   2 254]
 [ 16   3 235]
 [ 16   4  27]
 [ 16   5   0]
 [ 16   6   0]
 [ 16   7  24]
 [ 16   8  52]
 [ 16   9  17]
 [ 16  10   0]
 [ 16  11   0]
 [ 16  12  62]
 [ 16  13 253]
 [ 16  14 253]
 [ 16  15 255]
 [ 16  16 255]
 [ 17   0 255]
 [ 17   1 255]
 [ 17   2 253]
 [ 17   3 255]
 [ 17   4 194]
 [ 17   5  16]
 [ 17   6   0]
 [ 17   7   0]
 [ 17   8   0]
 [ 17   9   0]
 [ 17  10   0]
 [ 17  11  36]
 [ 17  12 222]
 [ 17  13 254]
 [ 17  14 253]
 [ 17  15 255]
 [ 17  16 255]
 [ 18   0 255]
 [ 18   1 255]
 [ 18   2 255]
 [ 18   3 253]
 [ 18   4 255]
 [ 18   5 215]
 [ 18   6  93]
 [ 18   7  34]
 [ 18   8  24]
 [ 18   9  44]
 [ 18  10 115]
 [ 18  11 233]
 [ 18  12 255]
 [ 18  13 254]
 [ 18  14 255]
 [ 18  15 255]
 [ 18  16 255]
 [ 19   0 255]
 [ 19   1 255]
 [ 19   2 255]
 [ 19   3 255]
 [ 19   4 253]
 [ 19   5 255]
 [ 19   6 255]
 [ 19   7 248]
 [ 19   8 239]
 [ 19   9 254]
 [ 19  10 255]
 [ 19  11 255]
 [ 19  12 253]
 [ 19  13 255]
 [ 19  14 255]
 [ 19  15 255]
 [ 19  16 255]
 [ 20   0 255]
 [ 20   1 255]
 [ 20   2 255]
 [ 20   3 255]
 [ 20   4 255]
 [ 20   5 253]
 [ 20   6 252]
 [ 20   7 255]
 [ 20   8 255]
 [ 20   9 255]
 [ 20  10 251]
 [ 20  11 254]
 [ 20  12 255]
 [ 20  13 255]
 [ 20  14 255]
 [ 20  15 255]
 [ 20  16 255]]
[255 255 255 255 255 253 252 255 255 255 251 254 255 255 255 255 255 255
 255 255 255 253 255 255 250 241 254 255 255 253 255 255 255 255 255 255
 255 253 255 221 102  38  26  45 119 235 255 254 255 255 255 255 255 253
 255 200  21   0   0   0   0   0  39 224 254 253 255 255 255 254 254 239
  32   0   0  11  44  12   0   0  62 252 253 255 255 255 251 255 136   0
   0  63 218 250 218  58   3   0 187 255 252 255 255 254 253  48   1  19
 231 255 251 255 214   0   0 109 255 251 255 253 255 221   9   0  98 255
 250 254 253 254  96  59 131 255 253 255 252 255 186   0   0 157 254 251
 255 255 254 255 255 255 254 255 255 251 255 165   0   0 186 255 252 255
 255 255 253 254 254 255 255 255 251 255 157   0   0 195 255 252 255 255
 255 254 253 254 255 255 255 251 255 164   0   0 189 255 252 255 255 255
 255 255 255 255 255 255 252 255 184   0   0 163 254 251 255 255 254 235
 227 235 255 255 255 253 255 219   8   0 111 255 250 254 253 254  54   9
  88 255 252 255 255 254 252  45   1  29 243 255 251 255 213   5   0 116
 255 251 255 255 251 255 131   0   0  84 233 254 224  61   2   0 191 255
 252 255 255 254 254 235  27   0   0  24  52  17   0   0  62 253 253 255
 255 255 255 253 255 194  16   0   0   0   0   0  36 222 254 253 255 255
 255 255 255 253 255 215  93  34  24  44 115 233 255 254 255 255 255 255
 255 255 255 253 255 255 248 239 254 255 255 253 255 255 255 255 255 255
 255 255 255 253 252 255 255 255 251 254 255 255 255 255 255]

{
{  0,   0, 255}, 
{  0,   1, 255}, 
{  0,   2, 255}, 
{  0,   3, 255}, 
{  0,   4, 255}, 
{  0,   5, 253}, 
{  0,   6, 252}, 
{  0,   7, 255}, 
{  0,   8, 255}, 
{  0,   9, 255}, 
{  0,  10, 251}, 
{  0,  11, 254}, 
{  0,  12, 255}, 
{  0,  13, 255}, 
{  0,  14, 255}, 
{  0,  15, 255}, 
{  0,  16, 255}, 
{  1,   0, 255}, 
{  1,   1, 255}, 
{  1,   2, 255}, 
{  1,   3, 255}, 
{  1,   4, 253}, 
{  1,   5, 255}, 
{  1,   6, 255}, 
{  1,   7, 250}, 
{  1,   8, 241}, 
{  1,   9, 254}, 
{  1,  10, 255}, 
{  1,  11, 255}, 
{  1,  12, 253}, 
{  1,  13, 255}, 
{  1,  14, 255}, 
{  1,  15, 255}, 
{  1,  16, 255}, 
{  2,   0, 255}, 
{  2,   1, 255}, 
{  2,   2, 255}, 
{  2,   3, 253}, 
{  2,   4, 255}, 
{  2,   5, 221}, 
{  2,   6, 102}, 
{ 2,  7, 38}, 
{ 2,  8, 26}, 
{ 2,  9, 45}, 
{  2,  10, 119}, 
{  2,  11, 235}, 
{  2,  12, 255}, 
{  2,  13, 254}, 
{  2,  14, 255}, 
{  2,  15, 255}, 
{  2,  16, 255}, 
{  3,   0, 255}, 
{  3,   1, 255}, 
{  3,   2, 253}, 
{  3,   3, 255}, 
{  3,   4, 200}, 
{ 3,  5, 21}, 
{3, 6, 0}, 
{3, 7, 0}, 
{3, 8, 0}, 
{3, 9, 0}, 
{ 3, 10,  0}, 
{ 3, 11, 39}, 
{  3,  12, 224}, 
{  3,  13, 254}, 
{  3,  14, 253}, 
{  3,  15, 255}, 
{  3,  16, 255}, 
{  4,   0, 255}, 
{  4,   1, 254}, 
{  4,   2, 254}, 
{  4,   3, 239}, 
{ 4,  4, 32}, 
{4, 5, 0}, 
{4, 6, 0}, 
{ 4,  7, 11}, 
{ 4,  8, 44}, 
{ 4,  9, 12}, 
{ 4, 10,  0}, 
{ 4, 11,  0}, 
{ 4, 12, 62}, 
{  4,  13, 252}, 
{  4,  14, 253}, 
{  4,  15, 255}, 
{  4,  16, 255}, 
{  5,   0, 255}, 
{  5,   1, 251}, 
{  5,   2, 255}, 
{  5,   3, 136}, 
{5, 4, 0}, 
{5, 5, 0}, 
{ 5,  6, 63}, 
{  5,   7, 218}, 
{  5,   8, 250}, 
{  5,   9, 218}, 
{ 5, 10, 58}, 
{ 5, 11,  3}, 
{ 5, 12,  0}, 
{  5,  13, 187}, 
{  5,  14, 255}, 
{  5,  15, 252}, 
{  5,  16, 255}, 
{  6,   0, 255}, 
{  6,   1, 254}, 
{  6,   2, 253}, 
{ 6,  3, 48}, 
{6, 4, 1}, 
{ 6,  5, 19}, 
{  6,   6, 231}, 
{  6,   7, 255}, 
{  6,   8, 251}, 
{  6,   9, 255}, 
{  6,  10, 214}, 
{ 6, 11,  0}, 
{ 6, 12,  0}, 
{  6,  13, 109}, 
{  6,  14, 255}, 
{  6,  15, 251}, 
{  6,  16, 255}, 
{  7,   0, 253}, 
{  7,   1, 255}, 
{  7,   2, 221}, 
{7, 3, 9}, 
{7, 4, 0}, 
{ 7,  5, 98}, 
{  7,   6, 255}, 
{  7,   7, 250}, 
{  7,   8, 254}, 
{  7,   9, 253}, 
{  7,  10, 254}, 
{ 7, 11, 96}, 
{ 7, 12, 59}, 
{  7,  13, 131}, 
{  7,  14, 255}, 
{  7,  15, 253}, 
{  7,  16, 255}, 
{  8,   0, 252}, 
{  8,   1, 255}, 
{  8,   2, 186}, 
{8, 3, 0}, 
{8, 4, 0}, 
{  8,   5, 157}, 
{  8,   6, 254}, 
{  8,   7, 251}, 
{  8,   8, 255}, 
{  8,   9, 255}, 
{  8,  10, 254}, 
{  8,  11, 255}, 
{  8,  12, 255}, 
{  8,  13, 255}, 
{  8,  14, 254}, 
{  8,  15, 255}, 
{  8,  16, 255}, 
{  9,   0, 251}, 
{  9,   1, 255}, 
{  9,   2, 165}, 
{9, 3, 0}, 
{9, 4, 0}, 
{  9,   5, 186}, 
{  9,   6, 255}, 
{  9,   7, 252}, 
{  9,   8, 255}, 
{  9,   9, 255}, 
{  9,  10, 255}, 
{  9,  11, 253}, 
{  9,  12, 254}, 
{  9,  13, 254}, 
{  9,  14, 255}, 
{  9,  15, 255}, 
{  9,  16, 255}, 
{ 10,   0, 251}, 
{ 10,   1, 255}, 
{ 10,   2, 157}, 
{10,  3,  0}, 
{10,  4,  0}, 
{ 10,   5, 195}, 
{ 10,   6, 255}, 
{ 10,   7, 252}, 
{ 10,   8, 255}, 
{ 10,   9, 255}, 
{ 10,  10, 255}, 
{ 10,  11, 254}, 
{ 10,  12, 253}, 
{ 10,  13, 254}, 
{ 10,  14, 255}, 
{ 10,  15, 255}, 
{ 10,  16, 255}, 
{ 11,   0, 251}, 
{ 11,   1, 255}, 
{ 11,   2, 164}, 
{11,  3,  0}, 
{11,  4,  0}, 
{ 11,   5, 189}, 
{ 11,   6, 255}, 
{ 11,   7, 252}, 
{ 11,   8, 255}, 
{ 11,   9, 255}, 
{ 11,  10, 255}, 
{ 11,  11, 255}, 
{ 11,  12, 255}, 
{ 11,  13, 255}, 
{ 11,  14, 255}, 
{ 11,  15, 255}, 
{ 11,  16, 255}, 
{ 12,   0, 252}, 
{ 12,   1, 255}, 
{ 12,   2, 184}, 
{12,  3,  0}, 
{12,  4,  0}, 
{ 12,   5, 163}, 
{ 12,   6, 254}, 
{ 12,   7, 251}, 
{ 12,   8, 255}, 
{ 12,   9, 255}, 
{ 12,  10, 254}, 
{ 12,  11, 235}, 
{ 12,  12, 227}, 
{ 12,  13, 235}, 
{ 12,  14, 255}, 
{ 12,  15, 255}, 
{ 12,  16, 255}, 
{ 13,   0, 253}, 
{ 13,   1, 255}, 
{ 13,   2, 219}, 
{13,  3,  8}, 
{13,  4,  0}, 
{ 13,   5, 111}, 
{ 13,   6, 255}, 
{ 13,   7, 250}, 
{ 13,   8, 254}, 
{ 13,   9, 253}, 
{ 13,  10, 254}, 
{13, 11, 54}, 
{13, 12,  9}, 
{13, 13, 88}, 
{ 13,  14, 255}, 
{ 13,  15, 252}, 
{ 13,  16, 255}, 
{ 14,   0, 255}, 
{ 14,   1, 254}, 
{ 14,   2, 252}, 
{14,  3, 45}, 
{14,  4,  1}, 
{14,  5, 29}, 
{ 14,   6, 243}, 
{ 14,   7, 255}, 
{ 14,   8, 251}, 
{ 14,   9, 255}, 
{ 14,  10, 213}, 
{14, 11,  5}, 
{14, 12,  0}, 
{ 14,  13, 116}, 
{ 14,  14, 255}, 
{ 14,  15, 251}, 
{ 14,  16, 255}, 
{ 15,   0, 255}, 
{ 15,   1, 251}, 
{ 15,   2, 255}, 
{ 15,   3, 131}, 
{15,  4,  0}, 
{15,  5,  0}, 
{15,  6, 84}, 
{ 15,   7, 233}, 
{ 15,   8, 254}, 
{ 15,   9, 224}, 
{15, 10, 61}, 
{15, 11,  2}, 
{15, 12,  0}, 
{ 15,  13, 191}, 
{ 15,  14, 255}, 
{ 15,  15, 252}, 
{ 15,  16, 255}, 
{ 16,   0, 255}, 
{ 16,   1, 254}, 
{ 16,   2, 254}, 
{ 16,   3, 235}, 
{16,  4, 27}, 
{16,  5,  0}, 
{16,  6,  0}, 
{16,  7, 24}, 
{16,  8, 52}, 
{16,  9, 17}, 
{16, 10,  0}, 
{16, 11,  0}, 
{16, 12, 62}, 
{ 16,  13, 253}, 
{ 16,  14, 253}, 
{ 16,  15, 255}, 
{ 16,  16, 255}, 
{ 17,   0, 255}, 
{ 17,   1, 255}, 
{ 17,   2, 253}, 
{ 17,   3, 255}, 
{ 17,   4, 194}, 
{17,  5, 16}, 
{17,  6,  0}, 
{17,  7,  0}, 
{17,  8,  0}, 
{17,  9,  0}, 
{17, 10,  0}, 
{17, 11, 36}, 
{ 17,  12, 222}, 
{ 17,  13, 254}, 
{ 17,  14, 253}, 
{ 17,  15, 255}, 
{ 17,  16, 255}, 
{ 18,   0, 255}, 
{ 18,   1, 255}, 
{ 18,   2, 255}, 
{ 18,   3, 253}, 
{ 18,   4, 255}, 
{ 18,   5, 215}, 
{18,  6, 93}, 
{18,  7, 34}, 
{18,  8, 24}, 
{18,  9, 44}, 
{ 18,  10, 115}, 
{ 18,  11, 233}, 
{ 18,  12, 255}, 
{ 18,  13, 254}, 
{ 18,  14, 255}, 
{ 18,  15, 255}, 
{ 18,  16, 255}, 
{ 19,   0, 255}, 
{ 19,   1, 255}, 
{ 19,   2, 255}, 
{ 19,   3, 255}, 
{ 19,   4, 253}, 
{ 19,   5, 255}, 
{ 19,   6, 255}, 
{ 19,   7, 248}, 
{ 19,   8, 239}, 
{ 19,   9, 254}, 
{ 19,  10, 255}, 
{ 19,  11, 255}, 
{ 19,  12, 253}, 
{ 19,  13, 255}, 
{ 19,  14, 255}, 
{ 19,  15, 255}, 
{ 19,  16, 255}, 
{ 20,   0, 255}, 
{ 20,   1, 255}, 
{ 20,   2, 255}, 
{ 20,   3, 255}, 
{ 20,   4, 255}, 
{ 20,   5, 253}, 
{ 20,   6, 252}, 
{ 20,   7, 255}, 
{ 20,   8, 255}, 
{ 20,   9, 255}, 
{ 20,  10, 251}, 
{ 20,  11, 254}, 
{ 20,  12, 255}, 
{ 20,  13, 255}, 
{ 20,  14, 255}, 
{ 20,  15, 255}, 
{ 20,  16, 255}}
[[255 255 255 255 255 253 252 255 255 255 251 254 255 255 255 255 255]
 [255 255 255 255 253 255 255 250 241 254 255 255 253 255 255 255 255]
 [255 255 255 253 255 221 102  38  26  45 119 235 255 254 255 255 255]
 [255 255 253 255 200  21   0   0   0   0   0  39 224 254 253 255 255]
 [255 254 254 239  32   0   0  11  44  12   0   0  62 252 253 255 255]
 [255 251 255 136   0   0  63 218 250 218  58   3   0 187 255 252 255]
 [255 254 253  48   1  19 231 255 251 255 214   0   0 109 255 251 255]
 [253 255 221   9   0  98 255 250 254 253 254  96  59 131 255 253 255]
 [252 255 186   0   0 157 254 251 255 255 254 255 255 255 254 255 255]
 [251 255 165   0   0 186 255 252 255 255 255 253 254 254 255 255 255]
 [251 255 157   0   0 195 255 252 255 255 255 254 253 254 255 255 255]
 [251 255 164   0   0 189 255 252 255 255 255 255 255 255 255 255 255]
 [252 255 184   0   0 163 254 251 255 255 254 235 227 235 255 255 255]
 [253 255 219   8   0 111 255 250 254 253 254  54   9  88 255 252 255]
 [255 254 252  45   1  29 243 255 251 255 213   5   0 116 255 251 255]
 [255 251 255 131   0   0  84 233 254 224  61   2   0 191 255 252 255]
 [255 254 254 235  27   0   0  24  52  17   0   0  62 253 253 255 255]
 [255 255 253 255 194  16   0   0   0   0   0  36 222 254 253 255 255]
 [255 255 255 253 255 215  93  34  24  44 115 233 255 254 255 255 255]
 [255 255 255 255 253 255 255 248 239 254 255 255 253 255 255 255 255]
 [255 255 255 255 255 253 252 255 255 255 251 254 255 255 255 255 255]]
[[ 0  0  0  0  0  0  0  0  0  0  0  0  0  0  0  0  0]
 [ 1  1  1  1  1  1  1  1  1  1  1  1  1  1  1  1  1]
 [ 2  2  2  2  2  2  2  2  2  2  2  2  2  2  2  2  2]
 [ 3  3  3  3  3  3  3  3  3  3  3  3  3  3  3  3  3]
 [ 4  4  4  4  4  4  4  4  4  4  4  4  4  4  4  4  4]
 [ 5  5  5  5  5  5  5  5  5  5  5  5  5  5  5  5  5]
 [ 6  6  6  6  6  6  6  6  6  6  6  6  6  6  6  6  6]
 [ 7  7  7  7  7  7  7  7  7  7  7  7  7  7  7  7  7]
 [ 8  8  8  8  8  8  8  8  8  8  8  8  8  8  8  8  8]
 [ 9  9  9  9  9  9  9  9  9  9  9  9  9  9  9  9  9]
 [10 10 10 10 10 10 10 10 10 10 10 10 10 10 10 10 10]
 [11 11 11 11 11 11 11 11 11 11 11 11 11 11 11 11 11]
 [12 12 12 12 12 12 12 12 12 12 12 12 12 12 12 12 12]
 [13 13 13 13 13 13 13 13 13 13 13 13 13 13 13 13 13]
 [14 14 14 14 14 14 14 14 14 14 14 14 14 14 14 14 14]
 [15 15 15 15 15 15 15 15 15 15 15 15 15 15 15 15 15]
 [16 16 16 16 16 16 16 16 16 16 16 16 16 16 16 16 16]
 [17 17 17 17 17 17 17 17 17 17 17 17 17 17 17 17 17]
 [18 18 18 18 18 18 18 18 18 18 18 18 18 18 18 18 18]
 [19 19 19 19 19 19 19 19 19 19 19 19 19 19 19 19 19]
 [20 20 20 20 20 20 20 20 20 20 20 20 20 20 20 20 20]]
[ Done ] All pixels Loaded
