[ (10, 10) ] dimension of array
before
size
(100, 3)
imagedata
[[  0   0 221]
 [  0   1 221]
 [  0   2 221]
 [  0   7 221]
 [  0   8 221]
 [  0   9 221]
 [  1   0 221]
 [  1   1 221]
 [  1   2 221]
 [  1   3 221]
 [  1   4 221]
 [  1   5 221]
 [  1   6 221]
 [  1   7 221]
 [  1   8 221]
 [  1   9 221]
 [  2   0 221]
 [  2   2 221]
 [  2   7 221]
 [  2   9 221]
 [  3   7 221]
 [  3   9 221]
 [  4   1 221]
 [  4   4 221]
 [  4   5 221]
 [  4   6 221]
 [  4   7 221]
 [  4   8 221]
 [  4   9 221]
 [  5   7 221]
 [  5   9 221]
 [  6   0 221]
 [  6   2 221]
 [  6   7 221]
 [  6   9 221]
 [  7   0 221]
 [  7   1 221]
 [  7   3 221]
 [  7   6 221]
 [  7   7 221]
 [  7   8 221]
 [  7   9 221]
 [  8   0 221]
 [  8   1 221]
 [  8   2 221]
 [  8   4 221]
 [  8   5 221]
 [  8   7 221]
 [  8   8 221]
 [  8   9 221]
 [  9   0 221]
 [  9   1 221]
 [  9   2 221]
 [  9   3 221]
 [  9   6 221]
 [  9   7 221]
 [  9   8 221]
 [  9   9 221]
 [  3   0 220]
 [  3   1 220]
 [  5   0 220]
 [  5   1 220]
 [  5   8 220]
 [  7   2 220]
 [  9   4 220]
 [  9   5 220]
 [  0   3 219]
 [  0   6 219]
 [  2   1 219]
 [  2   8 219]
 [  3   8 219]
 [  4   0 219]
 [  6   1 219]
 [  6   8 219]
 [  8   6 219]
 [  0   4 218]
 [  0   5 218]
 [  8   3 218]
 [  7   5 215]
 [  7   4 213]
 [  3   2 212]
 [  5   2 204]
 [  5   4 184]
 [  4   2 179]
 [  5   5 169]
 [  2   3 167]
 [  2   6 167]
 [  3   4 138]
 [  3   5 130]
 [  6   6 130]
 [  6   3 129]
 [  5   6  69]
 [  3   6  57]
 [  2   5  48]
 [  2   4  44]
 [  6   4  27]
 [  6   5  27]
 [  4   3  19]
 [  3   3   6]
 [  5   3   0]]
last val
221

{
{  0,   0, 221}, 
{  0,   1, 221}, 
{  0,   2, 221}, 
{  0,   7, 221}, 
{  0,   8, 221}, 
{  0,   9, 221}, 
{  1,   0, 221}, 
{  1,   1, 221}, 
{  1,   2, 221}, 
{  1,   3, 221}, 
{  1,   4, 221}, 
{  1,   5, 221}, 
{  1,   6, 221}, 
{  1,   7, 221}, 
{  1,   8, 221}, 
{  1,   9, 221}, 
{  2,   0, 221}, 
{  2,   2, 221}, 
{  2,   7, 221}, 
{  2,   9, 221}, 
{  3,   7, 221}, 
{  3,   9, 221}, 
{  4,   1, 221}, 
{  4,   4, 221}, 
{  4,   5, 221}, 
{  4,   6, 221}, 
{  4,   7, 221}, 
{  4,   8, 221}, 
{  4,   9, 221}, 
{  5,   7, 221}, 
{  5,   9, 221}, 
{  6,   0, 221}, 
{  6,   2, 221}, 
{  6,   7, 221}, 
{  6,   9, 221}, 
{  7,   0, 221}, 
{  7,   1, 221}, 
{  7,   3, 221}, 
{  7,   6, 221}, 
{  7,   7, 221}, 
{  7,   8, 221}, 
{  7,   9, 221}, 
{  8,   0, 221}, 
{  8,   1, 221}, 
{  8,   2, 221}, 
{  8,   4, 221}, 
{  8,   5, 221}, 
{  8,   7, 221}, 
{  8,   8, 221}, 
{  8,   9, 221}, 
{  9,   0, 221}, 
{  9,   1, 221}, 
{  9,   2, 221}, 
{  9,   3, 221}, 
{  9,   6, 221}, 
{  9,   7, 221}, 
{  9,   8, 221}, 
{  9,   9, 221}, 
{  3,   0, 220}, 
{  3,   1, 220}, 
{  5,   0, 220}, 
{  5,   1, 220}, 
{  5,   8, 220}, 
{  7,   2, 220}, 
{  9,   4, 220}, 
{  9,   5, 220}, 
{  0,   3, 219}, 
{  0,   6, 219}, 
{  2,   1, 219}, 
{  2,   8, 219}, 
{  3,   8, 219}, 
{  4,   0, 219}, 
{  6,   1, 219}, 
{  6,   8, 219}, 
{  8,   6, 219}, 
{  0,   4, 218}, 
{  0,   5, 218}, 
{  8,   3, 218}, 
{  7,   5, 215}, 
{  7,   4, 213}, 
{  3,   2, 212}, 
{  5,   2, 204}, 
{  5,   4, 184}, 
{  4,   2, 179}, 
{  5,   5, 169}, 
{  2,   3, 167}, 
{  2,   6, 167}, 
{  3,   4, 138}, 
{  3,   5, 130}, 
{  6,   6, 130}, 
{  6,   3, 129}, 
{ 5,  6, 69}, 
{ 3,  6, 57}, 
{ 2,  5, 48}, 
{ 2,  4, 44}, 
{ 6,  4, 27}, 
{ 6,  5, 27}, 
{ 4,  3, 19}, 
{3, 3, 6}, 
{5, 3, 0}}
[ Done ] All pixels Loaded
